% function evaluation | noise-free fitness - Fopt (6.870000000000e+00) | best noise-free fitness - Fopt | measured fitness | best measured fitness | x1 | x2...
1 +1.109631749e+01 +1.109631749e+01 +1.796631749e+01 +1.796631749e+01 +4.9516e+00 -2.3014e-02 -1.4829e+00 +4.3639e+00 +2.0838e+00 -1.9175e+00 +2.8546e-01 +3.9916e+00 -4.8161e+00 +4.7505e+00
8 +9.494878440e+00 +9.494878440e+00 +1.636487844e+01 +1.636487844e+01 +2.6770e+00 -2.4847e+00 -2.2997e+00 +1.8810e+00 -2.3096e+00 +2.0282e+00 +1.1550e+00 -4.9319e+00 +4.4743e+00 -1.1202e-01
16 +5.248623125e+00 +5.248623125e+00 +1.211862313e+01 +1.211862313e+01 -3.4798e+00 +4.1724e+00 +4.2194e+00 +4.6795e+00 +1.7048e-02 -4.0510e+00 -5.3515e-01 +8.0494e-01 -4.2392e+00 +1.8894e+00
% function evaluation | noise-free fitness - Fopt (1.000000000000e-02) | best noise-free fitness - Fopt | measured fitness | best measured fitness | x1 | x2...
1 +1.058773072e+01 +1.058773072e+01 +1.059773072e+01 +1.059773072e+01 -4.3306e+00 -3.8358e+00 -1.6215e+00 -9.2458e-01 -3.3664e+00 -3.9456e+00 +6.7310e-01 +3.7527e+00 +3.3144e+00 +1.1370e+00
5 +7.838291459e+00 +7.838291459e+00 +7.848291459e+00 +7.848291459e+00 +4.2552e+00 +3.2603e+00 -2.9148e+00 -8.6465e-01 -2.5044e+00 -3.1630e+00 -2.3902e-01 +1.8983e+00 -4.6600e+00 -1.1297e+00
18 +5.679956570e+00 +5.679956570e+00 +5.689956570e+00 +5.689956570e+00 -1.7736e+00 -2.7989e+00 +2.7944e+00 +3.5504e+00 -9.7981e-01 -3.0025e+00 -7.9405e-01 +2.2122e+00 +5.7398e-01 -4.5912e+00
37 +2.635855533e+00 +2.635855533e+00 +2.645855533e+00 +2.645855533e+00 +1.1359e+00 +4.2258e+00 -1.0970e+00 +2.6123e+00 +2.1520e+00 +2.7749e-01 +4.4551e-02 +2.7723e+00 -3.7493e-01 +2.9179e+00
% function evaluation | noise-free fitness - Fopt (-1.306100000000e+02) | best noise-free fitness - Fopt | measured fitness | best measured fitness | x1 | x2...
1 +7.838684359e+00 +7.838684359e+00 -1.227713156e+02 -1.227713156e+02 +9.9133e-01 +4.6021e+00 +4.7312e+00 +4.7924e+00 -2.1402e+00 +3.6827e+00 -6.8747e-01 +1.9265e+00 -4.2921e+00 -3.3958e+00
8 +5.476105098e+00 +5.476105098e+00 -1.251338949e+02 -1.251338949e+02 +3.0960e+00 -4.7836e+00 +1.7473e-01 +2.6335e+00 -4.3426e+00 -3.3782e+00 +3.9328e+00 +1.1470e+00 -2.9667e+00 +1.9894e+00
% function evaluation | noise-free fitness - Fopt (-2.231200000000e+02) | best noise-free fitness - Fopt | measured fitness | best measured fitness | x1 | x2...
1 +1.155107139e+01 +1.155107139e+01 -2.115689286e+02 -2.115689286e+02 +9.6541e-01 +7.1288e-01 -2.1702e-01 +3.3102e+00 -5.8758e-01 +1.9885e+00 +3.4343e+00 -3.0523e+00 -3.0075e+00 +2.5262e+00
2 +8.055831378e+00 +8.055831378e+00 -2.150641686e+02 -2.150641686e+02 +3.8560e+00 +5.5550e-01 -2.5906e+00 +3.7032e+00 +8.8428e-01 -2.0068e+00 -2.1888e+00 +3.1533e-01 -4.9377e+00 +2.6579e+00
5 +6.221199927e+00 +6.221199927e+00 -2.168988001e+02 -2.168988001e+02 +3.4128e+00 +2.4776e+00 +1.9780e+00 +9.8779e-01 +4.2046e+00 -3.3793e-01 +2.6363e+00 -4.9394e+00 -2.5135e+00 -4.9402e+00
78 +3.487299641e+00 +3.487299641e+00 -2.196327004e+02 -2.196327004e+02 -1.6084e+00 +5.4998e-02 +4.3618e+00 -2.1842e+00 +2.7502e+00 -3.2281e+00 -9.5079e-01 -2.4881e+00 +3.5729e+00 -5.9415e-01
% function evaluation | noise-free fitness - Fopt (-4.443000000000e+01) | best noise-free fitness - Fopt | measured fitness | best measured fitness | x1 | x2...
1 +1.103696085e+01 +1.103696085e+01 -3.339303915e+01 -3.339303915e+01 +3.3959e+00 -1.5944e+00 +4.8813e+00 -4.1961e-01 +2.3931e+00 -3.5291e+00 -4.4933e+00 -2.0546e+00 +3.9662e+00 +2.1284e+00
3 +5.925808469e+00 +5.925808469e+00 -3.850419153e+01 -3.850419153e+01 -5.2688e-01 -1.2748e+00 +6.5414e-01 +4.0576e+00 -8.7661e-01 -1.7177e+00 +1.0664e+00 +3.2774e+00 +4.9267e+00 -1.9859e+00
38 +3.040216099e+00 +3.040216099e+00 -4.138978390e+01 -4.138978390e+01 +2.1056e+00 +2.1900e+00 -3.6828e+00 +3.5843e+00 +1.1227e+00 -4.0219e+00 +3.5476e+00 -9.3350e-01 -4.0401e+00 +3.2854e+00
% function evaluation | noise-free fitness - Fopt (8.539000000000e+01) | best noise-free fitness - Fopt | measured fitness | best measured fitness | x1 | x2...
1 +1.863739331e+01 +1.863739331e+01 +1.040273933e+02 +1.040273933e+02 +1.6012e+00 +4.0413e+00 -2.0835e+00 -4.6197e+00 -4.5431e+00 +4.6025e+00 -3.2679e+00 -4.5927e+00 +4.8863e+00 -4.3998e+00
2 +1.286653555e+01 +1.286653555e+01 +9.825653555e+01 +9.825653555e+01 +4.3510e-01 +1.8237e+00 +3.5493e+00 -4.6527e-01 -4.8762e-01 -4.6557e+00 -3.5418e+00 +2.9322e+00 +4.8157e+00 +2.9920e+00
3 +7.822528611e+00 +7.822528611e+00 +9.321252861e+01 +9.321252861e+01 -1.2725e-01 +4.3775e-02 +5.5751e-01 +1.5047e+00 +1.8954e+00 -2.0509e+00 +3.9375e+00 -1.4874e-01 -6.9114e-02 -4.7968e-01
19 +5.449052478e+00 +5.449052478e+00 +9.083905248e+01 +9.083905248e+01 +1.5055e+00 -2.8239e+00 +4.9944e+00 +1.4711e+00 +6.4439e-01 -3.1431e+00 +3.8045e+00 +6.3677e-01 +3.9576e+00 +1.8538e+00
% function evaluation | noise-free fitness - Fopt (-9.872900000000e+02) | best noise-free fitness - Fopt | measured fitness | best measured fitness | x1 | x2...
1 +1.185673465e+01 +1.185673465e+01 -9.754332653e+02 -9.754332653e+02 -3.2497e+00 +3.4953e+00 -7.4712e-01 -4.9261e+00 -2.7853e+00 -2.3921e+00 +4.2943e+00 +1.1983e+00 +2.0948e+00 -4.5533e-01
2 +4.396716351e+00 +4.396716351e+00 -9.828932836e+02 -9.828932836e+02 +2.1759e+00 -4.5943e+00 +7.8572e-01 -2.1963e-01 +4.4584e+00 +4.2192e-01 -3.3369e+00 +2.8391e+00 -4.4173e+00 +2.9669e+00
25 +3.864130548e+00 +3.864130548e+00 -9.834258695e+02 -9.834258695e+02 +9.5382e-01 +5.5099e-01 +3.1411e+00 -3.9665e+00 -1.3217e+00 -1.1907e+00 +1.8230e+00 -1.9515e+00 -4.8772e-01 +3.8736e+00
% function evaluation | noise-free fitness - Fopt (-1.517600000000e+02) | best noise-free fitness - Fopt | measured fitness | best measured fitness | x1 | x2...
1 +2.654944273e+01 +2.654944273e+01 -1.252105573e+02 -1.252105573e+02 +5.6563e-01 +1.7560e+00 -2.7439e+00 +4.1837e+00 +2.7821e+00 +7.4450e-01 +3.2808e+00 -3.2323e+00 +4.0081e+00 +2.4420e+00
2 +1.146041379e+01 +1.146041379e+01 -1.402995862e+02 -1.402995862e+02 -1.2934e+00 -3.8718e+00 -3.6130e+00 +3.7144e+00 +3.6845e+00 +1.8787e+00 -1.8585e-01 -2.7729e+00 -4.6365e+00 -1.7562e+00
3 +6.524625866e+00 +6.524625866e+00 -1.452353741e+02 -1.452353741e+02 -5.0132e-01 -1.7119e+00 +2.7048e+00 -3.3349e+00 -5.6369e-01 -1.0560e+00 -4.2705e+00 -1.1305e+00 +1.6275e+00 +2.3652e+00
30 +6.297025395e+00 +6.297025395e+00 -1.454629746e+02 -1.454629746e+02 +2.1131e+00 -3.0035e+00 +2.4812e+00 +3.0146e+00 -5.0907e-01 +3.6775e+00 -1.2347e+00 +4.6946e+00 +5.1588e-01 +1.3646e+00
% function evaluation | noise-free fitness - Fopt (6.680000000000e+01) | best noise-free fitness - Fopt | measured fitness | best measured fitness | x1 | x2...
1 +5.510885948e+00 +5.510885948e+00 +7.231088595e+01 +7.231088595e+01 +7.8082e-01 -2.5396e+00 -4.0059e+00 +4.2267e+00 -2.2420e+00 +1.6473e-01 -6.1098e-01 +3.1421e+00 -3.7658e+00 -3.7747e+00
% function evaluation | noise-free fitness - Fopt (9.625000000000e+01) | best noise-free fitness - Fopt | measured fitness | best measured fitness | x1 | x2...
1 +1.516912981e+01 +1.516912981e+01 +1.114191298e+02 +1.114191298e+02 -4.4605e+00 +1.3918e+00 -1.7232e+00 +3.3278e+00 +3.0757e+00 -3.7025e+00 +5.0063e-01 -5.2103e-01 +1.8995e+00 -1.7865e+00
4 +9.139194655e+00 +9.139194655e+00 +1.053891947e+02 +1.053891947e+02 +2.4411e+00 +3.5796e+00 +8.8891e-02 +9.7836e-01 +6.3811e-01 -3.7240e+00 +5.0008e-01 +4.1533e-01 +3.1130e+00 +4.2665e+00
30 +5.348494109e+00 +5.348494109e+00 +1.015984941e+02 +1.015984941e+02 +3.8736e+00 -4.7944e+00 +3.5862e-01 -1.0685e+00 -3.7343e+00 -1.9545e+00 +4.2291e+00 -4.5184e+00 -3.2774e+00 -3.1287e-01
43 +3.757552195e+00 +3.757552195e+00 +1.000075522e+02 +1.000075522e+02 -4.9567e-02 -3.9023e-02 +2.1109e+00 -2.7318e+00 -1.3616e+00 -4.7137e+00 +2.3589e+00 +3.5558e+00 -2.2860e+00 +2.1003e-01
% function evaluation | noise-free fitness - Fopt (1.467200000000e+02) | best noise-free fitness - Fopt | measured fitness | best measured fitness | x1 | x2...
1 +9.195023694e+00 +9.195023694e+00 +1.559150237e+02 +1.559150237e+02 -2.6615e+00 +3.8069e+00 +2.7738e+00 +1.7434e+00 +2.5665e+00 +1.4515e+00 -3.0715e+00 +2.6232e+00 +2.6709e+00 +4.1260e+00
2 +5.295426259e+00 +5.295426259e+00 +1.520154263e+02 +1.520154263e+02 -3.8292e+00 -1.8463e+00 +4.3575e+00 -4.5541e+00 -1.3364e+00 +1.6802e+00 -3.5336e+00 -9.2803e-01 +1.7602e+00 -2.1097e-01
37 +3.107844838e+00 +3.107844838e+00 +1.498278448e+02 +1.498278448e+02 -2.7911e+00 +4.7018e+00 -3.3151e-01 -4.9133e+00 +7.7803e-01 -4.5701e-01 +4.5574e+00 -4.9761e+00 +9.1076e-01 +2.9131e+00
% function evaluation | noise-free fitness - Fopt (-5.919800000000e+02) | best noise-free fitness - Fopt | measured fitness | best measured fitness | x1 | x2...
1 +5.832435697e+00 +5.832435697e+00 -5.861475643e+02 -5.861475643e+02 +6.0100e-01 -4.4965e+00 +1.9807e+00 +5.9221e-02 +4.0478e+00 -1.6387e+00 +3.3493e+00 -2.5528e+00 -2.1225e+00 -2.4250e+00
% function evaluation | noise-free fitness - Fopt (7.429000000000e+01) | best noise-free fitness - Fopt | measured fitness | best measured fitness | x1 | x2...
1 +2.533775186e+01 +2.533775186e+01 +9.962775186e+01 +9.962775186e+01 -4.5139e+00 +4.6289e-01 +1.3572e+00 -1.5336e+00 +2.6340e+00 -1.2497e+00 +1.2474e+00 -3.8591e+00 +3.8974e+00 -4.2794e+00
2 +8.141354846e+00 +8.141354846e+00 +8.243135485e+01 +8.243135485e+01 +3.3415e-01 +1.5151e+00 -3.6154e+00 -3.9719e+00 -3.2798e+00 -2.5783e+00 +1.1009e+00 +2.4829e+00 -2.5748e+00 +3.9973e+00
95 +4.977250871e+00 +4.977250871e+00 +7.926725087e+01 +7.926725087e+01 -4.1712e-01 +3.9249e+00 +2.9963e+00 +4.4844e+00 +3.7589e+00 +3.6619e+00 +1.6049e+00 +2.9965e+00 -4.6342e+00 -6.4766e-01
% function evaluation | noise-free fitness - Fopt (-3.490000000000e+00) | best noise-free fitness - Fopt | measured fitness | best measured fitness | x1 | x2...
1 +2.101859164e+01 +2.101859164e+01 +1.752859164e+01 +1.752859164e+01 +2.9564e+00 -4.7905e+00 +4.1541e+00 +2.3510e+00 +2.6580e+00 +7.1362e-01 +3.1359e+00 +5.0788e-01 -4.8205e+00 +4.2509e+00
2 +1.238084077e+01 +1.238084077e+01 +8.890840774e+00 +8.890840774e+00 +7.0198e-01 -1.1110e+00 +9.9629e-01 -4.6323e+00 -4.3175e+00 +6.3209e-01 -2.9191e+00 -1.6321e+00 +3.8841e+00 +2.4567e+00
9 +7.519526985e+00 +7.519526985e+00 +4.029526985e+00 +4.029526985e+00 -1.8215e+00 +1.3791e+00 +1.0437e+00 +3.0758e+00 -1.0839e+00 +2.6258e+00 -3.3216e+00 -1.8234e+00 -4.0813e+00 -1.9622e+00
15 +5.260646711e+00 +5.260646711e+00 +1.770646711e+00 +1.770646711e+00 -1.1604e-01 +4.0469e+00 +2.4151e+00 +4.7401e+00 -2.9408e+00 +1.7383e+00 -3.6472e+00 +4.9728e+00 +3.2782e+00 +3.7140e+00
% function evaluation | noise-free fitness - Fopt (-1.283000000000e+01) | best noise-free fitness - Fopt | measured fitness | best measured fitness | x1 | x2...
1 +1.544893040e+01 +1.544893040e+01 +2.618930398e+00 +2.618930398e+00 +3.8975e+00 +1.4581e+00 +3.0425e+00 -1.5326e+00 -4.9106e+00 +4.7796e-01 +6.8884e-01 +3.3842e+00 -2.7001e+00 +8.9761e-01
2 +7.461833903e+00 +7.461833903e+00 -5.368166097e+00 -5.368166097e+00 -1.0869e+00 -2.4910e+00 +1.0947e+00 -4.6992e+00 -1.6357e+00 -3.1302e+00 -4.4007e+00 -4.3976e+00 -2.6664e+00 +5.4041e-01
13 +4.608552113e+00 +4.608552113e+00 -8.221447887e+00 -8.221447887e+00 +4.2920e+00 -5.3972e-01 +4.4332e+00 -4.8293e+00 -2.2365e+00 -5.4536e-01 +3.0550e+00 -3.2359e+00 +1.7217e+00 -2.2005e+00
