% function evaluation | noise-free fitness - Fopt (-9.210000000000e+00) | best noise-free fitness - Fopt | measured fitness | best measured fitness | x1 | x2...
1 +4.874604164e+02 +4.874604164e+02 +4.782504164e+02 +4.782504164e+02 +4.2129e+00 -4.1782e+00 -4.0954e-01 -1.8528e+00 -1.9840e+00 -3.8339e+00 +1.2601e+00 +4.4571e+00 -1.9520e+00 +2.8590e+00 +1.7650e+00 -3.9523e+00 -4.3406e+00 -4.9382e+00 +1.6587e+00 -3.9143e-01 +4.4747e+00 -4.1417e+00 +1.0310e+00 -2.9493e+00
3 +3.337645368e+02 +3.337645368e+02 +3.245545368e+02 +3.245545368e+02 -2.0638e+00 -1.8537e+00 -4.0463e+00 -4.0323e+00 +4.5712e-01 +1.8184e+00 +4.2970e+00 +7.3846e-01 +2.7125e+00 +4.7686e+00 -4.9011e+00 +1.5364e+00 -4.7500e+00 +6.5273e-02 -4.0535e-01 +1.0390e+00 +4.3980e+00 -2.8678e-01 -3.8385e+00 +2.5699e+00
107 +2.050169692e+02 +2.050169692e+02 +1.958069692e+02 +1.958069692e+02 +1.2094e+00 -1.6877e+00 +3.4501e+00 +3.5566e+00 +1.0824e+00 -3.6592e+00 +5.8292e+00 +6.7673e+00 -3.5581e+00 +1.3474e+00 -1.7112e+00 -3.3408e+00 +4.0557e+00 -1.8510e+00 +2.4439e+00 -3.7271e+00 +3.8888e+00 +4.8514e+00 -5.6466e+00 +3.9416e+00
% function evaluation | noise-free fitness - Fopt (6.559900000000e+02) | best noise-free fitness - Fopt | measured fitness | best measured fitness | x1 | x2...
1 +2.871191148e+02 +2.871191148e+02 +9.431091148e+02 +9.431091148e+02 -3.8048e+00 -4.0301e+00 +4.0645e+00 -4.3827e-01 +3.1077e-01 -2.4620e+00 +3.9177e-01 +4.4693e+00 -4.4241e+00 -1.1960e+00 +8.5016e-02 -3.2660e+00 +1.2886e+00 -2.9760e+00 +8.8445e-01 +2.3392e+00 +9.1133e-01 -1.0815e+00 +3.7152e+00 +2.6269e+00
103 +1.828311368e+02 +1.828311368e+02 +8.388211368e+02 +8.388211368e+02 +1.7312e+00 -4.4645e+00 -2.0642e+00 +4.9818e+00 -4.1794e+00 -1.9434e+00 +1.6623e-01 +1.4228e-01 -3.6395e+00 -6.5842e+00 +3.0965e+00 +1.0028e-01 +5.0459e+00 -2.6496e+00 +4.8925e+00 -3.2853e+00 -7.2662e-02 -4.5724e+00 +4.9152e+00 +3.3678e+00
% function evaluation | noise-free fitness - Fopt (6.671000000000e+01) | best noise-free fitness - Fopt | measured fitness | best measured fitness | x1 | x2...
1 +3.783441010e+02 +3.783441010e+02 +4.450541010e+02 +4.450541010e+02 +7.0781e-01 -2.5609e+00 -8.6217e-01 -1.2030e+00 +1.1814e+00 +3.6289e+00 +4.3895e+00 -2.4621e+00 +5.2895e-01 -2.5293e+00 +8.4791e-02 +7.2220e-01 -3.0848e-01 +4.2945e+00 -2.9183e+00 -4.3680e+00 -5.9733e-01 -3.2910e+00 -8.3245e-01 +1.8858e-01
64 +2.384986938e+02 +2.384986938e+02 +3.052086938e+02 +3.052086938e+02 +4.8772e+00 +7.0396e-01 -4.6922e-01 +8.5614e-01 -1.6213e+00 -3.1544e+00 +3.2851e+00 +1.4253e+00 +3.0304e+00 -4.2967e+00 -4.1223e+00 -4.4818e+00 +3.4990e+00 +4.1900e+00 +2.0840e-01 +9.6261e-01 -3.5823e+00 -3.4366e+00 +4.9653e-01 -3.6499e+00
% function evaluation | noise-free fitness - Fopt (9.416700000000e+02) | best noise-free fitness - Fopt | measured fitness | best measured fitness | x1 | x2...
1 +3.509439099e+02 +3.509439099e+02 +1.292613910e+03 +1.292613910e+03 -3.9835e+00 +9.5677e-01 -4.3878e+00 -1.1746e+00 -4.7176e+00 -4.0339e+00 +2.4348e+00 -4.5550e+00 -1.4445e-01 -4.8333e+00 +1.7458e+00 -2.8466e+00 +1.0421e+00 -4.1996e-01 -5.2927e-01 +4.0424e+00 +7.6793e-01 +3.4087e+00 +2.4019e-01 -2.0135e+00
13 +2.399318554e+02 +2.399318554e+02 +1.181601855e+03 +1.181601855e+03 -3.8097e+00 -7.3000e-01 +3.5735e+00 +2.8300e+00 +2.9514e-01 -4.5702e+00 -4.2954e+00 +3.2926e-01 -2.3260e+00 -6.6536e-01 -1.1532e-01 +2.7801e+00 -2.2141e+00 -3.5563e+00 +3.7037e+00 +4.1573e+00 -3.3486e-01 -3.2743e+00 +4.9244e+00 +3.1334e+00
% function evaluation | noise-free fitness - Fopt (-3.745000000000e+01) | best noise-free fitness - Fopt | measured fitness | best measured fitness | x1 | x2...
1 +4.575330464e+02 +4.575330464e+02 +4.200830464e+02 +4.200830464e+02 +4.0879e+00 +1.1566e+00 +2.3840e+00 +1.6171e+00 -1.1587e+00 +2.3074e+00 -2.1522e+00 -4.6557e+00 +1.0456e+00 +1.0910e+00 -3.7475e+00 +4.6471e+00 +4.0293e+00 -4.3276e+00 -3.0334e+00 -4.5225e+00 -9.5997e-01 -4.2070e+00 -2.1720e+00 +1.6135e-01
2 +3.865013905e+02 +3.865013905e+02 +3.490513905e+02 +3.490513905e+02 -1.9139e+00 +8.6850e-01 +1.8391e+00 -5.0929e-01 +2.3583e-01 +1.6992e+00 +1.9259e+00 -2.0406e+00 +1.7440e+00 -2.5610e+00 -1.0370e+00 -1.8606e+00 +4.9872e+00 -4.0765e-02 +3.5256e+00 +7.7946e-01 +1.4407e+00 +9.7791e-01 +2.3507e+00 +8.6481e-01
8 +2.508238247e+02 +2.508238247e+02 +2.133738247e+02 +2.133738247e+02 -9.5217e-01 -2.7057e+00 -5.8741e-01 +6.2137e-01 -7.1616e-01 -3.9250e+00 -2.7407e+00 -3.5268e+00 -7.1067e-01 +3.5511e+00 +4.8281e+00 +3.6630e+00 +2.4597e+00 -5.9683e-01 +2.6175e+00 +7.4284e-01 -3.3590e+00 +3.1260e+00 +4.8331e+00 -1.6850e+00
% function evaluation | noise-free fitness - Fopt (2.906200000000e+02) | best noise-free fitness - Fopt | measured fitness | best measured fitness | x1 | x2...
1 +3.920556272e+02 +3.920556272e+02 +6.826756272e+02 +6.826756272e+02 -3.0113e+00 -7.4265e-01 +2.0327e+00 -2.7116e+00 -3.4115e+00 +1.2725e+00 +3.2267e+00 +2.8311e-01 -1.8092e+00 -4.3101e+00 +4.6953e-01 -1.5126e+00 +3.6526e+00 -3.3857e+00 -2.1532e-01 +1.5714e+00 +8.6678e-01 +2.4928e+00 +4.1014e+00 +1.6584e+00
74 +1.771000297e+02 +1.771000297e+02 +4.677200297e+02 +4.677200297e+02 -2.1807e+00 +3.7883e+00 -2.9347e+00 -4.4399e+00 -4.2726e+00 -4.0107e+00 -9.0371e-01 +1.2807e+00 -1.6829e+00 -1.6258e+00 -4.8627e+00 -3.1854e+00 -4.2026e+00 +3.7658e-01 -3.8144e+00 +4.8911e+00 +4.6963e+00 -4.9892e+00 -1.4793e+00 -4.2967e+00
110 +1.191309085e+02 +1.191309085e+02 +4.097509085e+02 +4.097509085e+02 -5.6566e-02 +8.9292e-03 -4.4082e+00 -1.4389e+00 +1.0738e-01 -5.8314e+00 -2.1162e+00 -3.3502e+00 -4.0614e+00 +2.6556e+00 -5.1461e+00 +2.8614e+00 -4.3260e+00 -4.3811e+00 -4.7420e+00 +7.8461e+00 +4.4795e+00 -8.9510e-01 +4.7669e+00 -6.7068e+00
% function evaluation | noise-free fitness - Fopt (-1.015300000000e+02) | best noise-free fitness - Fopt | measured fitness | best measured fitness | x1 | x2...
1 +3.358268279e+02 +3.358268279e+02 +2.342968279e+02 +2.342968279e+02 -3.3391e+00 -1.9749e+00 -4.7089e+00 -3.2477e+00 +3.6761e+00 -3.9801e+00 +7.4572e-01 +7.2541e-01 -4.3666e+00 +1.3118e+00 -1.7326e+00 +4.9065e+00 -3.9398e+00 -4.1017e+00 +1.9748e+00 +4.7770e+00 +3.6846e+00 -4.8863e+00 -1.5723e+00 -4.1946e+00
105 +2.432785403e+02 +2.432785403e+02 +1.417485403e+02 +1.417485403e+02 -5.5099e-01 -2.4615e+00 +3.9960e+00 -1.5379e+00 +4.3057e+00 -1.9364e+00 +3.0461e+00 +4.5437e+00 -4.4796e+00 -4.7881e+00 +3.9534e+00 -8.7509e-01 +4.0731e-01 -4.6689e+00 +5.3219e+00 +1.9871e+00 +5.0316e-01 -7.7993e+00 -2.2079e+00 -2.6252e+00
% function evaluation | noise-free fitness - Fopt (3.019700000000e+02) | best noise-free fitness - Fopt | measured fitness | best measured fitness | x1 | x2...
1 +2.747998090e+02 +2.747998090e+02 +5.767698090e+02 +5.767698090e+02 -3.3756e-01 +2.7955e+00 +1.9085e+00 -2.4639e+00 +7.3980e-01 +2.4314e+00 +3.8598e+00 +2.2385e+00 -2.2293e+00 -5.8465e-01 +3.1092e+00 -4.9996e+00 -1.5514e+00 -1.0063e+00 +1.6826e+00 +2.8622e+00 +3.7139e+00 +4.9361e+00 +4.4802e+00 -1.3436e+00
102 +2.232516870e+02 +2.232516870e+02 +5.252216870e+02 +5.252216870e+02 +1.7130e-02 +2.4851e+00 +2.7373e+00 +3.8836e+00 -3.6674e+00 -7.1944e+00 +3.2426e-01 +4.9114e+00 +4.8898e-01 -1.9744e+00 +4.4852e+00 -4.8701e+00 +1.6170e-01 +2.0920e+00 +3.1568e+00 +3.2708e+00 -1.3918e+00 +3.6540e+00 +2.1138e+00 +9.0275e+00
% function evaluation | noise-free fitness - Fopt (-6.561000000000e+01) | best noise-free fitness - Fopt | measured fitness | best measured fitness | x1 | x2...
1 +3.475571881e+02 +3.475571881e+02 +2.819471881e+02 +2.819471881e+02 -4.6824e+00 +3.8223e+00 +8.5064e-01 +3.7510e+00 +2.5236e+00 -3.7513e+00 -2.4946e+00 +4.0213e+00 -1.9473e+00 -2.6908e+00 -3.6781e+00 +1.5670e+00 +3.4250e+00 -4.0880e+00 -2.3394e+00 -9.4258e-01 -4.5724e+00 -2.3072e+00 -1.9915e-01 +4.1033e+00
101 +2.250323751e+02 +2.250323751e+02 +1.594223751e+02 +1.594223751e+02 +2.7064e+00 -3.0992e+00 -4.8654e+00 -1.4444e+00 +1.5066e+00 +1.8156e+00 -2.6647e+00 +2.5754e+00 -1.8278e+00 +3.2043e+00 -3.1770e+00 +3.6264e+00 +2.3269e+00 +4.0752e+00 +5.5676e-01 -4.2174e+00 +3.2708e-01 -4.8114e+00 +1.0198e+01 +2.9230e+00
% function evaluation | noise-free fitness - Fopt (-3.569000000000e+01) | best noise-free fitness - Fopt | measured fitness | best measured fitness | x1 | x2...
1 +3.795551125e+02 +3.795551125e+02 +3.438651125e+02 +3.438651125e+02 -4.8677e+00 -4.5493e+00 +2.6361e+00 -1.3185e-01 +1.7801e+00 +2.4417e+00 +3.4262e+00 +1.6144e+00 -9.3330e-01 -2.3706e+00 -4.2839e+00 +1.9415e+00 -1.0540e+00 -2.4358e+00 +3.5691e+00 -3.7070e+00 -2.9888e+00 +1.3929e+00 +1.8326e+00 -2.9344e+00
47 +2.451220534e+02 +2.451220534e+02 +2.094320534e+02 +2.094320534e+02 +3.0697e+00 -1.2018e+00 +6.3576e-01 -4.5503e+00 -4.1383e+00 +4.2532e+00 +2.3520e+00 +3.2367e+00 -3.0989e+00 +2.4922e+00 +3.1864e-01 -3.6394e+00 +4.4331e+00 +4.8434e+00 +9.5508e-01 -1.2887e+00 +2.7339e+00 +3.4533e+00 +4.9907e+00 -3.6446e+00
% function evaluation | noise-free fitness - Fopt (3.174000000000e+01) | best noise-free fitness - Fopt | measured fitness | best measured fitness | x1 | x2...
1 +4.568176542e+02 +4.568176542e+02 +4.885576542e+02 +4.885576542e+02 -4.8979e+00 +3.7688e+00 +4.6351e+00 -3.4688e+00 +3.7852e+00 +3.9090e+00 +2.6191e+00 +2.8021e+00 -4.2780e+00 -1.7296e+00 -2.1686e+00 +4.4435e+00 +4.5945e-01 -4.0288e+00 +4.1243e+00 +4.5954e-01 -4.2178e+00 -4.2408e+00 -1.4669e+00 -4.1403e+00
4 +3.708339289e+02 +3.708339289e+02 +4.025739289e+02 +4.025739289e+02 -1.5588e+00 +1.9164e+00 +2.4751e+00 +2.0424e+00 +1.6945e+00 -1.9155e-02 -4.1310e+00 -9.9859e-01 +3.2961e-01 +8.3658e-01 +1.1201e-01 +1.3116e+00 +1.6172e+00 +1.6584e+00 -5.8670e-01 -2.3740e+00 -1.1119e-01 +3.8602e+00 +2.6217e+00 +4.1118e+00
17 +2.284021565e+02 +2.284021565e+02 +2.601421565e+02 +2.601421565e+02 +1.7120e+00 -2.7609e+00 -4.5387e+00 -3.5063e+00 +4.7976e+00 +2.4481e+00 -1.6309e+00 +4.6479e+00 -4.4052e+00 -4.8039e+00 -2.2461e+00 +3.2448e+00 -4.7028e+00 -4.9983e+00 +4.3565e+00 -2.9920e+00 +3.8467e+00 +4.6850e+00 +1.6867e+00 +3.1024e+00
% function evaluation | noise-free fitness - Fopt (8.344900000000e+02) | best noise-free fitness - Fopt | measured fitness | best measured fitness | x1 | x2...
1 +4.279212997e+02 +4.279212997e+02 +1.262411300e+03 +1.262411300e+03 -7.9065e-01 +4.3138e+00 +3.7259e+00 +1.1266e+00 -2.2181e+00 -1.0347e+00 -2.9255e-01 +4.5413e+00 +6.0912e-01 +1.5870e+00 +4.7661e+00 -3.4832e+00 -4.0295e+00 +4.1332e+00 -3.8789e+00 +4.0362e+00 -6.0080e-01 -4.8440e+00 -2.0740e+00 -1.0973e+00
8 +3.680520734e+02 +3.680520734e+02 +1.202542073e+03 +1.202542073e+03 -1.6052e+00 -1.3287e+00 +2.7291e+00 -1.3138e+00 +1.5720e+00 -3.7241e+00 +3.4151e+00 -3.2738e+00 +4.4302e+00 +3.0950e-01 +4.2483e+00 -2.2547e+00 -3.7756e-01 -1.6212e+00 -1.7601e+00 +3.8586e-01 -4.1171e+00 +1.2306e+00 +2.2904e+00 -4.6664e+00
101 +2.223001637e+02 +2.223001637e+02 +1.056790164e+03 +1.056790164e+03 -3.2543e+00 -1.0119e+00 -2.1413e+00 -2.2197e+00 +1.9187e+00 -1.5989e+00 +9.0225e+00 -3.0944e+00 -2.3906e-01 -3.7741e-02 +4.7390e+00 +1.2149e+00 -2.6394e+00 +2.5561e-01 -9.3638e+00 +4.9956e+00 -1.9507e+00 +1.8890e+00 +4.8357e+00 +9.1746e-01
% function evaluation | noise-free fitness - Fopt (4.159000000000e+01) | best noise-free fitness - Fopt | measured fitness | best measured fitness | x1 | x2...
1 +3.319600823e+02 +3.319600823e+02 +3.735500823e+02 +3.735500823e+02 +2.3608e+00 +4.7359e+00 -4.3490e+00 +4.6387e+00 -1.5278e+00 +9.8838e-01 +3.8505e-01 +5.2783e-01 +2.7643e+00 +3.3584e+00 -4.6455e+00 -5.6368e-01 -2.1952e+00 -4.2341e-01 -2.7055e+00 -2.2199e+00 +4.1919e+00 -2.1652e+00 +2.0848e+00 +2.3757e+00
84 +2.366311584e+02 +2.366311584e+02 +2.782211584e+02 +2.782211584e+02 +2.3234e+00 -3.0075e+00 -2.0197e+00 -1.9590e+00 -4.7688e+00 +1.9523e+00 -1.6745e+00 +3.6727e+00 -3.8841e+00 +3.8917e+00 +4.6004e+00 -8.0237e-01 -1.9777e+00 +3.9527e+00 -1.1255e+00 +9.9638e-02 +2.4990e+00 +3.6987e+00 +4.8984e+00 +2.4497e+00
% function evaluation | noise-free fitness - Fopt (1.004200000000e+02) | best noise-free fitness - Fopt | measured fitness | best measured fitness | x1 | x2...
1 +3.732951171e+02 +3.732951171e+02 +4.737151171e+02 +4.737151171e+02 +4.3795e+00 -3.0152e+00 -2.0360e+00 -1.7363e+00 +3.4744e+00 -3.3539e-01 -3.5296e+00 -2.1059e+00 +1.8827e+00 +3.7095e+00 +1.2553e-02 -4.4147e+00 -2.6838e+00 +4.2389e-01 -3.7243e+00 -4.3876e+00 -1.0685e-02 +2.0293e+00 +1.9122e+00 +5.9041e-01
110 +2.211552821e+02 +2.211552821e+02 +3.215752821e+02 +3.215752821e+02 -2.5794e+00 +1.9270e+00 -2.4297e+00 +1.8210e+00 +3.6912e-01 +6.1722e-01 +4.1890e-01 -1.3827e+00 +4.8782e+00 +2.6423e+00 -1.5006e+00 -4.5852e+00 -3.6996e+00 -2.9502e+00 +4.5271e+00 -2.0119e+00 -5.4606e+00 +7.0176e+00 -4.8346e+00 -6.2287e+00
% function evaluation | noise-free fitness - Fopt (-7.530000000000e+00) | best noise-free fitness - Fopt | measured fitness | best measured fitness | x1 | x2...
1 +3.339362821e+02 +3.339362821e+02 +3.264062821e+02 +3.264062821e+02 -4.1885e+00 -2.3408e+00 +4.5235e-03 +9.7255e-01 -1.8589e+00 -2.3730e+00 +4.1884e-01 -1.6894e+00 -3.9258e+00 +9.2360e-01 -7.4543e-01 +4.0311e+00 -3.7232e+00 -4.3818e+00 -8.0694e-01 +1.1524e+00 -1.1702e-01 -3.3789e+00 +3.7828e+00 +2.2984e-01
18 +2.433489436e+02 +2.433489436e+02 +2.358189436e+02 +2.358189436e+02 -3.2667e+00 -2.8800e+00 -2.5721e+00 -4.7758e+00 +3.8173e+00 -4.0094e+00 -2.9400e+00 +3.8471e-01 -3.9800e+00 -1.3427e+00 -1.1508e+00 +3.8823e+00 -1.6164e+00 -3.4900e+00 -4.9252e+00 +4.8045e+00 -5.1681e-02 -3.8597e+00 +8.8273e-01 -4.5279e+00
