% function evaluation | noise-free fitness - Fopt (9.294000000000e+01) | best noise-free fitness - Fopt | measured fitness | best measured fitness | x1 | x2...
1 +1.111175311e+03 +1.111175311e+03 +1.204115311e+03 +1.204115311e+03 +3.1108e+00 +1.0767e-01 +3.1009e+00 -1.3495e+00 +1.9603e+00 +2.7460e+00 -2.6848e+00 +8.9664e-01 -1.2932e+00 -2.7594e+00
3 +7.746972104e+02 +7.746972104e+02 +8.676372104e+02 +8.676372104e+02 +3.8023e+00 -2.3562e+00 +2.2224e+00 +1.0115e+00 +4.1571e+00 -2.4077e+00 +4.4347e+00 -9.2467e-01 +6.2076e-01 -3.1931e+00
17 +3.405435496e+02 +3.405435496e+02 +4.334835496e+02 +4.334835496e+02 -1.2714e+00 -6.6694e-02 -2.5537e-01 +1.3031e+00 +4.2264e+00 +2.8099e+00 +2.7682e+00 +2.8767e-01 -6.9501e-01 -5.3450e-01
67 +2.311424930e+02 +2.311424930e+02 +3.240824930e+02 +3.240824930e+02 -2.7344e+00 +4.1203e+00 +4.5786e+00 +2.9350e+00 -1.0618e+00 +1.3242e+00 -4.5699e+00 +2.9689e+00 +3.4280e+00 +1.3495e+00
% function evaluation | noise-free fitness - Fopt (3.535000000000e+01) | best noise-free fitness - Fopt | measured fitness | best measured fitness | x1 | x2...
1 +8.282577697e+02 +8.282577697e+02 +8.636077697e+02 +8.636077697e+02 -2.2697e+00 +9.0259e-01 +3.8542e+00 +4.0168e+00 -3.0053e+00 -3.3154e-01 -2.0215e+00 -2.9277e+00 +2.0382e+00 -3.3615e+00
2 +5.136434374e+02 +5.136434374e+02 +5.489934374e+02 +5.489934374e+02 -1.9694e+00 +2.9130e+00 -1.7970e-01 +4.2129e+00 -4.0525e+00 +4.8304e+00 +4.0113e+00 +4.5041e+00 +3.0516e+00 -2.7970e+00
13 +3.675538141e+02 +3.675538141e+02 +4.029038141e+02 +4.029038141e+02 +2.4962e+00 -1.2470e+00 +3.3730e+00 -4.7412e-01 -3.1010e-01 +1.4103e+00 +4.0561e+00 +2.5469e+00 +2.2837e+00 -1.6076e+00
57 +1.967008910e+02 +1.967008910e+02 +2.320508910e+02 +2.320508910e+02 -2.7852e+00 +1.3093e+00 +5.5906e+00 +4.8145e+00 -6.6651e+00 -2.8357e+00 -1.4539e+00 +6.9196e-01 -1.3421e+00 +2.7348e+00
% function evaluation | noise-free fitness - Fopt (3.820000000000e+00) | best noise-free fitness - Fopt | measured fitness | best measured fitness | x1 | x2...
1 +9.498881851e+02 +9.498881851e+02 +9.537081851e+02 +9.537081851e+02 -6.3155e-01 -2.8043e+00 -2.3938e+00 +4.8543e+00 +3.8414e-01 -2.4567e-01 +4.7014e+00 +2.4459e+00 -3.8811e+00 +1.7818e+00
4 +5.336338339e+02 +5.336338339e+02 +5.374538339e+02 +5.374538339e+02 -2.7180e+00 -1.2604e-02 +4.5464e+00 +3.7149e+00 +1.3088e+00 +1.4169e+00 +1.4407e+00 +9.6364e-01 -1.3361e+00 +2.3423e+00
7 +2.786203793e+02 +2.786203793e+02 +2.824403793e+02 +2.824403793e+02 +3.4836e+00 -1.6423e+00 -1.8119e+00 -2.3867e+00 +1.2837e+00 -4.1289e+00 +1.5919e+00 -2.6743e+00 +3.2133e+00 -3.5051e-02
17 +2.029544536e+02 +2.029544536e+02 +2.067744536e+02 +2.067744536e+02 +3.3484e+00 +2.5517e-04 -2.2980e+00 -3.9714e+00 +1.6380e+00 +3.0564e+00 +1.2655e+00 -3.5414e+00 -1.8729e+00 -8.0601e-02
% function evaluation | noise-free fitness - Fopt (2.175000000000e+01) | best noise-free fitness - Fopt | measured fitness | best measured fitness | x1 | x2...
1 +3.005850252e+02 +3.005850252e+02 +3.223350252e+02 +3.223350252e+02 -1.9882e+00 -4.4334e+00 -4.6497e-01 +1.5135e+00 +1.5031e+00 -5.9336e-02 +1.8094e+00 +3.8487e+00 -5.6311e-01 +1.1649e+00
4 +2.178691875e+02 +2.178691875e+02 +2.396191875e+02 +2.396191875e+02 +2.6572e-01 -1.5141e+00 -2.7972e+00 -8.8195e-01 +4.0318e+00 -2.2659e+00 +1.8612e+00 -8.5938e-01 +4.8777e+00 +1.9005e+00
% function evaluation | noise-free fitness - Fopt (6.479000000000e+01) | best noise-free fitness - Fopt | measured fitness | best measured fitness | x1 | x2...
1 +1.415410356e+03 +1.415410356e+03 +1.480200356e+03 +1.480200356e+03 +1.1651e-01 +2.3190e+00 -1.1654e+00 -2.4557e+00 -1.0371e+00 +1.9119e+00 +2.6123e+00 -3.6961e-01 +4.1904e+00 +1.6412e+00
2 +3.060141080e+02 +3.060141080e+02 +3.708041080e+02 +3.708041080e+02 -4.3679e+00 +4.6918e+00 +4.2075e+00 +3.2140e+00 -5.2085e-01 +2.0862e+00 -1.6458e+00 -5.0138e-01 -3.6928e-01 -1.5407e-01
52 +2.469400891e+02 +2.469400891e+02 +3.117300891e+02 +3.117300891e+02 -5.3448e+00 +5.8388e+00 +7.6169e+00 +3.2140e+00 -5.2085e-01 -1.0044e+00 -1.6458e+00 +4.7111e+00 -1.5843e+00 -1.5407e-01
58 +1.510245112e+02 +1.510245112e+02 +2.158145112e+02 +2.158145112e+02 -3.1910e+00 -1.5315e+00 +4.1008e-01 +3.0747e+00 +2.5375e-01 -1.0920e+00 -2.1065e+00 -1.1185e-01 -2.4842e+00 +4.3443e+00
% function evaluation | noise-free fitness - Fopt (5.407000000000e+01) | best noise-free fitness - Fopt | measured fitness | best measured fitness | x1 | x2...
1 +1.610374800e+03 +1.610374800e+03 +1.664444800e+03 +1.664444800e+03 +4.0793e-01 -3.1747e-01 +1.2212e+00 +6.4863e-01 -1.8566e+00 -4.9210e+00 +4.2581e+00 -2.2238e+00 -4.5498e-01 +2.0444e+00
2 +1.153124074e+03 +1.153124074e+03 +1.207194074e+03 +1.207194074e+03 -3.1169e+00 +2.1776e+00 +3.3034e+00 +1.2215e+00 +3.6292e+00 +2.4899e+00 +1.2836e+00 +3.7010e+00 -1.7571e-01 -1.7500e+00
4 +6.361566637e+02 +6.361566637e+02 +6.902266637e+02 +6.902266637e+02 +3.1903e+00 +3.2688e+00 +3.9979e+00 +3.8896e+00 -4.2525e+00 +3.9065e+00 +2.8559e+00 +4.3868e+00 +7.2680e-01 +4.2570e+00
5 +4.507058377e+02 +4.507058377e+02 +5.047758377e+02 +5.047758377e+02 -2.0444e+00 -4.1080e+00 +2.4372e+00 -3.5635e+00 +2.1677e+00 +3.3300e-01 +4.0550e+00 -4.7103e+00 -7.2076e-01 -2.2792e+00
32 +2.472252444e+02 +2.472252444e+02 +3.012952444e+02 +3.012952444e+02 +2.3458e+00 -1.6859e-01 +3.3503e+00 -1.5693e+00 +2.2254e+00 -5.3376e-01 +3.6974e+00 +1.5294e+00 -3.9014e+00 -2.4589e+00
% function evaluation | noise-free fitness - Fopt (-9.152000000000e+01) | best noise-free fitness - Fopt | measured fitness | best measured fitness | x1 | x2...
1 +7.532094362e+02 +7.532094362e+02 +6.616894362e+02 +6.616894362e+02 +1.7148e+00 +3.8345e-01 -1.0055e+00 -2.1880e+00 +1.9134e+00 +3.3657e+00 +1.5974e+00 -1.9492e+00 +5.1071e-01 -1.9911e+00
2 +2.696988201e+02 +2.696988201e+02 +1.781788201e+02 +1.781788201e+02 -3.7601e+00 -3.6934e+00 -1.8019e+00 +4.4170e+00 +1.8564e+00 -2.0561e+00 -8.3955e-01 +8.2477e-01 -4.2909e+00 +2.3882e+00
36 +1.086881756e+02 +1.086881756e+02 +1.716817555e+01 +1.716817555e+01 +3.0187e+00 +2.1169e+00 -6.2792e-01 +4.1509e+00 +8.9548e-01 -8.5249e-01 -4.4332e-01 +2.8834e+00 -3.2445e+00 +9.8285e-03
% function evaluation | noise-free fitness - Fopt (2.263000000000e+01) | best noise-free fitness - Fopt | measured fitness | best measured fitness | x1 | x2...
1 +5.536842508e+02 +5.536842508e+02 +5.763142508e+02 +5.763142508e+02 -3.2250e+00 -4.3168e+00 -2.3047e+00 +4.1798e+00 +1.9381e+00 +4.1688e+00 -3.3026e+00 -3.8698e+00 +2.1136e-01 -4.6525e+00
12 +9.167983740e+01 +9.167983740e+01 +1.143098374e+02 +1.143098374e+02 -1.0709e-01 -7.9095e-01 +4.1778e+00 +4.2688e+00 -1.9904e-01 +8.0779e-01 +2.8740e+00 +3.0642e+00 +1.8830e+00 +4.4990e+00
% function evaluation | noise-free fitness - Fopt (1.554000000000e+01) | best noise-free fitness - Fopt | measured fitness | best measured fitness | x1 | x2...
1 +7.773576588e+02 +7.773576588e+02 +7.928976588e+02 +7.928976588e+02 -4.7617e-01 +7.3051e-01 -3.7071e+00 +2.3797e+00 -3.8357e+00 -2.1050e+00 +4.7640e+00 +4.3566e+00 -2.1451e+00 +2.5565e+00
3 +3.379904664e+02 +3.379904664e+02 +3.535304664e+02 +3.535304664e+02 +4.5391e+00 -7.2994e-02 +1.8411e+00 +2.4189e+00 -8.1853e-01 +2.8479e+00 -8.0285e-02 +4.9039e+00 +4.5289e+00 -9.4748e-01
11 +2.043481813e+02 +2.043481813e+02 +2.198881813e+02 +2.198881813e+02 +8.5840e-01 -3.3077e-01 +8.3610e-01 -5.2746e-02 -8.2523e-01 +7.6437e-01 +2.3778e-03 +3.3480e+00 +1.8815e+00 +1.4594e-01
61 +1.456598560e+02 +1.456598560e+02 +1.611998560e+02 +1.611998560e+02 +9.4139e-01 -3.2694e+00 +1.5729e+00 -1.2498e+00 -1.1457e+00 +2.7241e-01 +2.7605e+00 -4.2134e+00 +2.5345e+00 +2.6840e-01
% function evaluation | noise-free fitness - Fopt (-3.765100000000e+02) | best noise-free fitness - Fopt | measured fitness | best measured fitness | x1 | x2...
1 +1.898310972e+03 +1.898310972e+03 +1.521800972e+03 +1.521800972e+03 +2.8074e+00 +2.6036e+00 +2.5672e+00 -4.2299e-01 +4.0950e+00 -1.0955e+00 +4.1139e+00 -4.9685e+00 -4.8702e+00 +7.8749e-01
2 +1.400809820e+03 +1.400809820e+03 +1.024299820e+03 +1.024299820e+03 +1.8913e-01 -8.6803e-01 -6.4999e-01 +2.1644e+00 -2.3963e+00 -1.9545e+00 +5.8577e-01 +2.9782e+00 -3.6741e+00 +6.1820e-01
4 +3.011911651e+02 +3.011911651e+02 -7.531883489e+01 -7.531883489e+01 +2.3902e+00 +3.6030e+00 -4.3338e+00 +4.9728e+00 +1.2844e+00 -2.5328e+00 -6.0386e-01 -2.0510e+00 -6.1021e-01 -1.3596e+00
% function evaluation | noise-free fitness - Fopt (3.960400000000e+02) | best noise-free fitness - Fopt | measured fitness | best measured fitness | x1 | x2...
1 +3.866411031e+03 +3.866411031e+03 +4.262451031e+03 +4.262451031e+03 -3.3103e+00 +3.5207e+00 +1.0325e+00 -3.1348e+00 -3.1801e+00 -2.1817e+00 +3.7831e+00 -6.9894e-01 -1.6873e+00 +2.0041e+00
2 +6.734490039e+02 +6.734490039e+02 +1.069489004e+03 +1.069489004e+03 -4.2943e+00 +8.6777e-01 -2.4515e-01 -2.3309e+00 -2.1175e+00 +4.4102e+00 -4.9242e+00 -2.6139e+00 +1.2215e+00 -3.6869e+00
8 +2.400438888e+02 +2.400438888e+02 +6.360838888e+02 +6.360838888e+02 -2.1374e+00 -1.7791e+00 +3.4950e+00 +2.4755e+00 -1.9689e+00 +1.5913e+00 -1.0278e-01 -8.3685e-01 +3.3318e+00 -4.7425e+00
60 +1.507657470e+02 +1.507657470e+02 +5.468057470e+02 +5.468057470e+02 -1.1636e+00 -1.6630e+00 +6.4497e+00 +2.6315e+00 +4.9567e-01 +2.2136e+00 -3.0655e-01 -4.0894e-01 -1.9693e+00 -4.4361e+00
% function evaluation | noise-free fitness - Fopt (1.281100000000e+02) | best noise-free fitness - Fopt | measured fitness | best measured fitness | x1 | x2...
1 +1.261779268e+03 +1.261779268e+03 +1.389889268e+03 +1.389889268e+03 +3.2435e+00 -2.1637e+00 +2.2327e+00 -2.7616e+00 -1.3434e+00 -1.9487e+00 +2.9355e+00 -2.8290e-01 +1.6629e+00 -3.8613e+00
2 +3.069358808e+02 +3.069358808e+02 +4.350458808e+02 +4.350458808e+02 +3.7919e+00 -1.9471e+00 -1.9811e+00 +4.3540e+00 -3.7524e+00 +1.7111e+00 -9.5873e-01 -1.5100e+00 -1.0928e+00 +1.4711e+00
6 +1.913606261e+02 +1.913606261e+02 +3.194706261e+02 +3.194706261e+02 -4.1670e+00 -3.0820e+00 +4.9560e+00 -1.5701e+00 +7.7749e-01 +3.0873e+00 -2.0379e-01 -3.1973e+00 -9.8720e-01 +1.3145e+00
% function evaluation | noise-free fitness - Fopt (-2.923500000000e+02) | best noise-free fitness - Fopt | measured fitness | best measured fitness | x1 | x2...
1 +1.885060991e+03 +1.885060991e+03 +1.592710991e+03 +1.592710991e+03 +1.2432e+00 +3.0564e+00 +1.0271e+00 -5.1133e-02 -6.4852e-01 -2.2428e-01 +3.6504e+00 -3.5960e+00 -4.1468e+00 -4.9141e+00
2 +2.894597688e+02 +2.894597688e+02 -2.890231198e+00 -2.890231198e+00 -1.7261e+00 -1.3760e+00 -2.6885e+00 +1.0214e+00 +4.2376e+00 +1.9439e+00 -1.5421e+00 -1.5226e+00 +3.9487e+00 -3.8011e+00
11 +1.513112447e+02 +1.513112447e+02 -1.410387553e+02 -1.410387553e+02 -1.0149e+00 -4.1992e+00 -2.0441e+00 +1.5882e+00 +9.7893e-01 -2.4107e+00 +1.3742e+00 -1.5591e+00 -1.9088e+00 -3.6491e+00
% function evaluation | noise-free fitness - Fopt (3.110100000000e+02) | best noise-free fitness - Fopt | measured fitness | best measured fitness | x1 | x2...
1 +1.036508221e+03 +1.036508221e+03 +1.347518221e+03 +1.347518221e+03 -1.4366e+00 +1.8096e+00 -2.9828e+00 +4.4171e+00 +2.1341e+00 -5.8231e-01 -4.6637e+00 -4.1770e+00 -4.7827e-01 -1.6140e+00
9 +5.512307431e+02 +5.512307431e+02 +8.622407431e+02 +8.622407431e+02 -3.8917e+00 -2.7354e-01 -5.8417e-01 +2.6017e+00 +4.0148e+00 +4.7842e+00 +4.3493e+00 +9.2405e-01 +4.9878e+00 +1.6231e+00
42 +3.026253027e+02 +3.026253027e+02 +6.136353027e+02 +6.136353027e+02 -4.5046e+00 -4.0413e+00 -3.9564e+00 +2.8264e+00 -1.7432e+00 +2.3562e+00 +3.2695e+00 +9.4046e-01 +1.2170e+00 +2.6087e+00
% function evaluation | noise-free fitness - Fopt (-8.051800000000e+02) | best noise-free fitness - Fopt | measured fitness | best measured fitness | x1 | x2...
1 +2.344197608e+03 +2.344197608e+03 +1.539017608e+03 +1.539017608e+03 +8.1718e-01 -3.2349e-01 -3.1551e+00 +8.3186e-01 +6.2025e-01 +1.1994e+00 +4.7310e+00 -1.9578e+00 -2.1809e+00 -4.7160e+00
2 +1.053300989e+03 +1.053300989e+03 +2.481209891e+02 +2.481209891e+02 +1.4582e+00 +1.0195e+00 -1.8225e-01 +1.5049e+00 +1.5701e+00 +4.8947e+00 +4.4998e-02 -3.4875e+00 -2.9309e+00 -4.2893e+00
3 +5.545124799e+02 +5.545124799e+02 -2.506675201e+02 -2.506675201e+02 -1.4895e+00 -1.5272e+00 +3.3192e+00 -7.2331e-01 +4.1074e+00 -2.5367e+00 +1.4679e+00 -2.8767e+00 -1.0479e+00 +2.4101e+00
5 +3.767383239e+02 +3.767383239e+02 -4.284416761e+02 -4.284416761e+02 +9.4108e-02 -4.0960e+00 +3.7823e+00 -7.9169e-01 +2.5175e+00 -6.5950e-01 -3.1398e+00 +4.0224e-01 +3.0356e+00 +3.0012e+00
8 +1.923755748e+02 +1.923755748e+02 -6.128044252e+02 -6.128044252e+02 -7.0758e-01 -3.0142e+00 +3.0542e+00 -9.5225e-01 +7.7712e-01 -1.8188e+00 -2.2315e+00 +1.0751e+00 +5.1696e-02 -1.4890e+00
